<?xml version="1.0"?>
<opencv_storage>
<DEMARCATE_SIZE>13</DEMARCATE_SIZE>
<DEMARCATE_00>
  <PT_X>1.2133298339843750e+003</PT_X>
  <PT_Y>1.5034814453125000e+003</PT_Y>
  <ANGLE>6.4015197753906250e-001</ANGLE></DEMARCATE_00>
<DEMARCATE_01>
  <PT_X>1.1684019775390625e+003</PT_X>
  <PT_Y>1.4707069091796875e+003</PT_Y>
  <ANGLE>-2.1500263214111328e+000</ANGLE></DEMARCATE_01>
<DEMARCATE_02>
  <PT_X>1.1743459472656250e+003</PT_X>
  <PT_Y>9.4847680664062500e+002</PT_Y>
  <ANGLE>-8.8795898437500000e+001</ANGLE></DEMARCATE_02>
<DEMARCATE_03>
  <PT_X>1.1753459472656250e+003</PT_X>
  <PT_Y>9.4947680664062500e+002</PT_Y>
  <ANGLE>-8.8895896911621094e+001</ANGLE></DEMARCATE_03>
<DEMARCATE_04>
  <PT_X>1.0943352050781250e+003</PT_X>
  <PT_Y>1.2602601318359375e+003</PT_Y>
  <ANGLE>-6.3112106323242187e+000</ANGLE></DEMARCATE_04>
<DEMARCATE_05>
  <PT_X>1.1773459472656250e+003</PT_X>
  <PT_Y>9.5147680664062500e+002</PT_Y>
  <ANGLE>-8.9095901489257813e+001</ANGLE></DEMARCATE_05>
<DEMARCATE_06>
  <PT_X>1.1783459472656250e+003</PT_X>
  <PT_Y>9.5247680664062500e+002</PT_Y>
  <ANGLE>-8.9195899963378906e+001</ANGLE></DEMARCATE_06>
<DEMARCATE_07>
  <PT_X>1.1793459472656250e+003</PT_X>
  <PT_Y>9.5347680664062500e+002</PT_Y>
  <ANGLE>-8.9295898437500000e+001</ANGLE></DEMARCATE_07>
<DEMARCATE_08>
  <PT_X>1.1803459472656250e+003</PT_X>
  <PT_Y>9.5447680664062500e+002</PT_Y>
  <ANGLE>-8.9395896911621094e+001</ANGLE></DEMARCATE_08>
<DEMARCATE_09>
  <PT_X>1.1813459472656250e+003</PT_X>
  <PT_Y>9.5547680664062500e+002</PT_Y>
  <ANGLE>-8.9495903015136719e+001</ANGLE></DEMARCATE_09>
<DEMARCATE_10>
  <PT_X>1.1823459472656250e+003</PT_X>
  <PT_Y>9.5647680664062500e+002</PT_Y>
  <ANGLE>-8.9595901489257813e+001</ANGLE></DEMARCATE_10>
<DEMARCATE_11>
  <PT_X>1.1833459472656250e+003</PT_X>
  <PT_Y>9.5747680664062500e+002</PT_Y>
  <ANGLE>-8.9695899963378906e+001</ANGLE></DEMARCATE_11>
<DEMARCATE_12>
  <PT_X>1.1843459472656250e+003</PT_X>
  <PT_Y>9.5847680664062500e+002</PT_Y>
  <ANGLE>-8.9795898437500000e+001</ANGLE></DEMARCATE_12>
</opencv_storage>
